tank 720 680 26 26
tank 720 40 26 26
tank 46 46 26 26 1
trophy 40 640 30 30
4 4 4 4 4 4 4 4 4 4 0 4 4 4 4 4 4 4 4 4
4 2 2 2 0 0 0 0 0 2 0 2 0 0 0 0 0 2 2 4
4 0 0 0 0 4 0 4 0 0 0 0 0 4 0 4 0 0 0 4
4 0 4 4 4 4 0 4 4 4 4 4 0 4 0 4 0 2 0 4
4 0 0 0 0 0 0 0 0 2 2 2 0 0 0 0 0 2 0 4
4 0 0 0 4 4 4 4 0 4 4 0 0 0 0 4 0 4 0 4
4 0 0 0 4 0 0 4 0 0 0 0 0 4 0 0 0 4 0 4
4 0 0 0 0 0 4 4 4 4 0 4 0 4 0 4 0 0 0 4
4 0 0 0 4 0 0 0 0 4 0 4 0 4 0 2 0 4 0 4
4 0 0 0 4 4 4 2 2 4 0 4 0 4 0 2 0 4 0 4
4 0 0 0 0 0 0 0 0 0 0 0 0 0 0 2 0 0 0 4
4 0 0 4 0 4 4 4 0 4 4 4 0 0 0 2 2 2 2 4
4 0 0 0 0 0 0 4 0 0 0 0 0 0 0 0 0 0 0 4
4 2 2 2 4 0 0 4 4 4 4 4 4 0 0 2 0 4 0 4
4 0 0 0 0 0 0 0 0 0 0 0 0 4 0 4 0 4 0 4
4 0 4 4 4 0 0 0 4 4 4 4 0 4 0 4 0 4 0 4
4 0 0 0 0 0 0 0 0 0 0 4 0 0 0 4 0 4 7 4
4 0 4 4 4 0 0 4 2 2 2 4 4 4 4 4 0 4 0 4
4 0 0 0 0 0 0 0 0 0 0 0 0 0 0 0 0 0 0 4
4 4 4 4 4 4 4 4 4 4 0 4 4 4 4 4 4 4 4 4
